node,0,tx,-1,1040.04,1152.25,1914,174,21.7801
node,6,rx,-1,977.094,1176.87,1914,176,21.7804
node,6,tx,-1,961.239,1162.36,1914,176,23.8011
node,0,tx,-1,1040.04,1152.25,734,174,12.3828
node,4,rx,-1,816.651,1368.15,734,176,12.383
node,0,tx,-1,1040.04,1152.25,938,174,12.2805
node,5,rx,-1,1020.68,1171.21,938,176,12.2808
node,7,rx,-1,1007.51,1184.07,938,176,12.2808
node,4,rx,-1,907.801,1246.45,938,176,12.2808
node,0,tx,-1,1040.04,1152.25,1409,174,12.7794
node,3,rx,-1,1021.55,1170.35,1409,176,12.7796
node,9,rx,-1,1007.51,1184.07,1409,176,12.7796
node,6,rx,-1,907.109,1247.11,1409,176,12.7796
node,7,rx,-1,897.868,1255.92,1409,176,12.7796
node,1,rx,-1,816.651,1368.15,1409,176,12.7796
node,0,tx,-1,1040.04,1152.25,1049,174,12.5701
node,2,rx,-1,1021.66,1170.25,1049,176,12.5704
node,8,rx,-1,1007.51,1184.07,1049,176,12.5704
node,6,rx,-1,907.801,1246.45,1049,176,12.5704
node,0,tx,-1,1040.04,1152.25,1082,174,12.1502
node,1,rx,-1,1022,1169.92,1082,176,12.1545
node,8,rx,-1,1007.51,1184.07,1082,176,12.1545
node,3,rx,-1,907.109,1247.11,1082,176,12.1545
node,7,rx,-1,897.868,1255.92,1082,176,12.1545
node,7,tx,-1,906.589,1247.6,1082,176,14.1911
node,3,rx,-1,918.422,1236.32,1082,176,14.1913
node,9,rx,-1,1003.86,1187.63,1082,176,14.1913
node,8,rx,-1,1015.09,1176.68,1082,176,14.1913
node,1,rx,-1,1031.11,1161,1082,176,14.1913
node,1,tx,-1,1031.11,1161,1082,176,14.2815
node,8,rx,-1,1015.09,1176.68,1082,176,14.2817
node,0,tx,-1,1040.04,1152.25,1253,174,12.9649
node,6,rx,-1,1019.5,1172.36,1253,176,12.9652
node,5,rx,-1,907.801,1246.45,1253,176,12.9652
node,3,rx,-1,816.651,1368.15,1253,176,12.9652
node,0,tx,-1,1040.04,1152.25,1237,174,12.4572
node,4,rx,-1,1021.47,1170.44,1237,176,12.4574
node,6,rx,-1,907.109,1247.11,1237,176,12.4574
node,8,rx,-1,897.868,1255.92,1237,176,12.4574
node,9,rx,-1,896.467,1266.38,1237,176,12.4574
node,0,tx,-1,1040.04,1152.25,1229,174,12.4572
node,5,rx,-1,1021.05,1170.85,1229,176,12.4574
node,3,rx,-1,907.109,1247.11,1229,176,12.4574
node,8,rx,-1,897.868,1255.92,1229,176,12.4574
node,9,rx,-1,896.467,1266.38,1229,176,12.4574
node,9,tx,-1,897.6,1256.17,1229,176,14.477
node,8,rx,-1,906.589,1247.6,1229,176,14.4772
node,3,rx,-1,918.422,1236.32,1229,176,14.4772
node,5,rx,-1,1029.82,1162.26,1229,176,14.4772
node,8,tx,-1,906.589,1247.6,1229,176,14.4987
node,9,rx,-1,897.6,1256.17,1229,176,14.4989
node,3,rx,-1,918.422,1236.32,1229,176,14.4989
node,5,rx,-1,1029.82,1162.26,1229,176,14.4989
node,3,tx,-1,918.422,1236.32,1229,176,14.5808
node,8,rx,-1,906.589,1247.6,1229,176,14.581
node,9,rx,-1,897.6,1256.17,1229,176,14.581
node,5,rx,-1,1029.82,1162.26,1229,176,14.581
node,5,tx,-1,1029.82,1162.26,1229,176,14.6438
node,3,rx,-1,918.422,1236.32,1229,176,14.6546
node,8,rx,-1,906.589,1247.6,1229,176,14.6546
node,9,rx,-1,897.6,1256.17,1229,176,14.6546
node,0,tx,-1,1040.04,1152.25,1229,174,22.4572
node,5,rx,-1,1034.68,1157.5,1229,176,22.4574
node,3,rx,-1,978.803,1173.25,1229,176,22.4574
node,8,rx,-1,962.619,1192.63,1229,176,22.4574
node,9,rx,-1,937.556,1218.03,1229,176,22.4574
node,0,tx,-1,1040.04,1152.25,930,174,12.4833
node,3,rx,-1,907.109,1247.11,930,176,12.4835
node,7,rx,-1,897.868,1255.92,930,176,12.4835
node,7,tx,-1,906.589,1247.6,930,176,14.5789
node,3,rx,-1,918.422,1236.32,930,176,14.5791
node,3,tx,-1,918.422,1236.32,930,176,14.6745
node,7,rx,-1,906.589,1247.6,930,176,14.6748
